66.23 
119.36 
162.45 
154.75 
177.09 
150.91 
170.09 
134.24 
331.84 
2013.92 
2032.27 
2004.26 
2023.33 
2041.50 
2012.81 
2040.14 
1998.12 
2023.46 
1995.31 
2028.10 
1996.16 
552.53 
147.72 
137.54 
156.00 
130.25 
168.17 
106.78 
94.45 
130.57 
121.95 
161.91 
176.99 
146.33 
173.06 
145.07 
188.76 
88.41 
117.01 
173.79 
135.32 
164.56 
150.38 
151.52 
154.28 
142.07 
171.58 
99.13 
94.55 
106.02 
194.79 
239.33 
152.76 
218.59 
207.11 
169.55 
215.88 
186.86 
199.82 
108.68 
99.93 
151.76 
286.65 
292.92 
300.58 
296.20 
195.74 
100.34 
312.37 
287.91 
85.44 
44.86